3 0.3 1
2 0.3 1
3 0.3 1
2 0.3 1
3 0.3 1
2 0.3 1
3 0.3 1
2 0.3 1
1 0.3 1
0 0.9 5
1 0.3 1
2 0.3 1
3 0.3 1
0 0.9 5
1 0.3 1
2 0.3 1
3 0.3 1
0 0.9 5
3 0.3 1
2 0.3 1
3 0.3 1
2 0.3 1
3 0.3 1
2 0.3 1
3 0.3 1
2 0.3 1
1 0.3 1
0 0.9 5
1 0.3 1
2 0.3 1
3 0.3 1
0 0.9 5
2 0.3 1
1 0.3 1
0 0.3 1
3 1.2 5
2 0.3 1
3 0.3 1
2 0.3 1
3 0.3 1
2 0.3 1
3 0.3 1
2 0.3 1
1 0.3 1
0 0.9 5
1 0.3 1
2 0.3 1
3 0.3 1
0 0.9 5
1 0.3 1
2 0.3 1
3 0.3 1
0 0.9 5
3 0.3 1
2 0.3 1
3 0.3 1
2 0.3 1
3 0.3 1
2 0.3 1
3 0.3 1
2 0.3 1
1 0.3 1
0 0.9 5
1 0.3 1
2 0.3 1
3 0.3 1
0 0.9 5
2 0.3 1
1 0.3 1
0 0.3 1
0 0.9 5
3 0.3 1
2 0.3 1
1 0.3 1
0 0.9 5
3 0.3 1
2 0.3 1
1 0.3 1
0 0.9 5
3 0.3 1
2 0.3 1
1 0.3 1
0 0.9 5
3 0.3 1
2 0.3 1
1 0.3 1
1 0.9 5
3 0.3 1
1 0.9 1
3 0.3 1
2 0.3 1
3 0.3 1
2 0.3 1
3 0.3 1
2 0.3 1
3 0.3 1
2 0.3 1
3 0.3 1
2 0.3 1
3 0.3 1
2 0.3 1
3 0.3 1
1 0.3 1
3 0.3 1
2 0.3 1
0 0.3 1
0 0.9 5
1 0.3 1
2 0.3 1
3 0.3 1
0 0.9 5
1 0.3 1
2 0.3 1
3 0.3 1
0 0.9 5
3 0.3 1
2 0.3 1
3 0.3 1
2 0.3 1
3 0.3 1
2 0.3 1
3 0.3 1
2 0.3 1
1 0.3 1
0 0.9 5
1 0.3 1
2 0.3 1
3 0.3 1
0 0.9 5
2 0.3 1
1 0.3 1
0 4 5
4 1 1